DEVICE_ID=C3
LAT=47.679006
LONG=9.162831